FiraCode
1D539
1F10D-1F10F
1F16D-1F16F
1F1AD
1F310
1FB70-1FB8B

Excluded from unicodeSC
300C-300D
E000-E003
E0A0-E0A2
E0B0-E0B3
EE00-EE0B
FEFF
FF62-FF63
FFFD

[12300, 12301, 57344, 57345, 57346, 57347, 57504, 57505, 57506, 57520, 57521, 57522, 57523, 60928, 60929, 60930, 60931, 60932, 60933, 60934, 60935, 60936, 60937, 60938, 60939, 65279, 65378, 65379, 65533, 120121, 127245, 127246, 127247, 127341, 127342, 127343, 127405, 127760, 129904, 129905, 129906, 129907, 129908, 129909, 129910, 129911, 129912, 129913, 129914, 129915, 129916, 129917, 129918, 129919, 129920, 129921, 129922, 129923, 129924, 129925, 129926, 129927, 129928, 129929, 129930, 129931]
